P=12
N=256
d=4
k=0.000625
chi=1.0
lr=8.333333333333334e-09
epochs=50000
