{
 "cells": [
  {
   "cell_type": "code",
   "execution_count": 4,
   "id": "838864a0-d140-433b-b001-5ec55d5fde6d",
   "metadata": {
    "scrolled": true
   },
   "outputs": [
    {
     "name": "stdout",
     "output_type": "stream",
     "text": [
      "/home/akiva/FCNX-Ensembling/Menagerie\n",
      "Attempting to load ensemble with run_identifier: FCN3_TRAIN_20250525_173242\n",
      "From Menagerie directory: /home/akiva/FCNX-Ensembling/Menagerie\n",
      "Full ensemble path: /home/akiva/FCNX-Ensembling/Menagerie/ensemble_FCN3_TRAIN_20250525_173242\n",
      "Enseble_Dir: /home/akiva/FCNX-Ensembling/Menagerie/ensemble_FCN3_TRAIN_20250525_173242\n",
      "Ensemble_dir exists\n"
     ]
    }
   ],
   "source": [
    "import sys\n",
    "import torch\n",
    "import os\n",
    "import matplotlib.pyplot as plt\n",
    "def activation(x):\n",
    "    return x\n",
    "\n",
    "from FCN3 import HypersphereData\n",
    "\n",
    "current_dir = os.path.dirname(os.path.abspath(os.path.realpath('./FCNX-Ensembling/')))\n",
    "parent_dir = os.path.dirname(current_dir)\n",
    "sys.path.append(parent_dir)\n",
    "from ensemble_manager import NetworksLoader, EnsembleManager\n",
    "from json_handler import JsonHandler\n",
    "import standard_hyperparams as hp\n",
    "ABS_MENAGERIE_ROOT = os.path.abspath( os.path.realpath('./FCNX-Ensembling/Menagerie'))\n",
    "hp.DEVICE='cpu'\n",
    "def update_dict_paths(config_dict):\n",
    "    \"\"\"\n",
    "    Recursively updates paths in keys of a single dictionary.\n",
    "    \"\"\"\n",
    "    updated_dict = {}\n",
    "    for key, value in config_dict.items():\n",
    "\n",
    "        new_value = value\n",
    "        # If the key is a string and starts with './Menagerie', replace it.\n",
    "        if isinstance(value, str) and value.startswith('./Menagerie'):\n",
    "            new_value = value.replace('./Menagerie', ABS_MENAGERIE_ROOT)\n",
    "\n",
    "        # If the value is a dictionary, recursively call update_dict_paths on it.\n",
    "        if isinstance(value, dict):\n",
    "            updated_dict[key] = update_dict_paths(value)\n",
    "        else:\n",
    "            updated_dict[key] = new_value\n",
    "    return updated_dict\n",
    "\n",
    "\n",
    "Menagerie_dir = os.path.join(parent_dir, 'Menagerie')\n",
    "print(Menagerie_dir)\n",
    "\n",
    "# Define the specific ensemble directory you want to load\n",
    "ensemble_dir_name = 'ensemble_FCN3_TRAIN_20250525_173242'\n",
    "ensemble_full_path = os.path.join(Menagerie_dir, ensemble_dir_name)\n",
    "\n",
    "# Extract the run_identifier from the ensemble directory name\n",
    "run_identifier = ensemble_dir_name.replace('ensemble_', '')\n",
    "\n",
    "print(f\"Attempting to load ensemble with run_identifier: {run_identifier}\")\n",
    "print(f\"From Menagerie directory: {Menagerie_dir}\")\n",
    "print(f\"Full ensemble path: {ensemble_full_path}\")\n",
    "\n",
    "# Initialize EnsembleManager.\n",
    "# It will load the training_config and manifest if the directory exists.\n",
    "# Pass the run_identifier and the base menagerie directory.\n",
    "ensemble_manager = EnsembleManager(\n",
    "    run_identifier=run_identifier,\n",
    "    menagerie_dir=Menagerie_dir,\n",
    "    json_handler=JsonHandler() # Pass an instance of JsonHandler\n",
    ")\n",
    "updated_manifest = []\n",
    "\n",
    "for item_dict in ensemble_manager.training_config['manifest']:\n",
    "    updated_manifest.append(update_dict_paths(item_dict))\n",
    "ensemble_manager.training_config['manifest'] = updated_manifest\n",
    "\n",
    "\n",
    "# Check if the manifest is populated after initialization\n",
    "if not ensemble_manager.training_config.get('manifest'):\n",
    "    print(f\"Error: No manifest found in {ensemble_full_path}. Please ensure the ensemble directory and its 'training_config.json' are correctly set up, or run the dummy data creation section.\")\n",
    "    sys.exit(1)\n",
    "\n",
    "\n",
    "config = ensemble_manager.training_config\n",
    "# Dimensions for the new tensor\n",
    "num_batches_dim1 = config['num_datsets']\n",
    "num_batches_dim2 = config['num_ensembles']\n",
    "num_samples_per_network = 50\n",
    "output_feature_dim = 1 # As raw_Y is P*1, model output should be 1\n",
    "\n",
    "# Initialize the tensor to store results: networks x samples x output_dim\n",
    "# It's (3, 20, 5, 1) as requested.\n",
    "output_tensor = torch.empty(num_batches_dim1, num_batches_dim2, 1000, output_feature_dim).to(hp.DEVICE)\n",
    "output_tensor = output_tensor.reshape((60,1000,1))\n",
    "\n",
    "X = HypersphereData.sample_hypersphere(1000, 15, normalized=False).to(hp.DEVICE)"
   ]
  },
  {
   "cell_type": "code",
   "execution_count": 5,
   "id": "9b37214c-4f1a-4e0e-b3ee-33cdda7ff6d1",
   "metadata": {},
   "outputs": [
    {
     "data": {
      "text/plain": [
       "torch.Size([60, 1000, 1])"
      ]
     },
     "execution_count": 5,
     "metadata": {},
     "output_type": "execute_result"
    }
   ],
   "source": [
    "output_tensor.shape"
   ]
  },
  {
   "cell_type": "code",
   "execution_count": 6,
   "id": "14cf4095-2615-4c7b-99a0-89b52e7363d9",
   "metadata": {},
   "outputs": [
    {
     "name": "stderr",
     "output_type": "stream",
     "text": [
      "/home/akiva/FCNX-Ensembling/ensemble_manager.py:294: FutureWarning: You are using `torch.load` with `weights_only=False` (the current default value), which uses the default pickle module implicitly. It is possible to construct malicious pickle data which will execute arbitrary code during unpickling (See https://github.com/pytorch/pytorch/blob/main/SECURITY.md#untrusted-models for more details). In a future release, the default value for `weights_only` will be flipped to `True`. This limits the functions that could be executed during unpickling. Arbitrary objects will no longer be allowed to be loaded via this mode unless they are explicitly allowlisted by the user via `torch.serialization.add_safe_globals`. We recommend you start setting `weights_only=True` for any use case where you don't have full control of the loaded file. Please open an issue on GitHub for any issues related to this experimental feature.\n",
      "  data = torch.load(raw_x_path).to(hp.DEVICE)\n",
      "/home/akiva/FCNX-Ensembling/ensemble_manager.py:295: FutureWarning: You are using `torch.load` with `weights_only=False` (the current default value), which uses the default pickle module implicitly. It is possible to construct malicious pickle data which will execute arbitrary code during unpickling (See https://github.com/pytorch/pytorch/blob/main/SECURITY.md#untrusted-models for more details). In a future release, the default value for `weights_only` will be flipped to `True`. This limits the functions that could be executed during unpickling. Arbitrary objects will no longer be allowed to be loaded via this mode unless they are explicitly allowlisted by the user via `torch.serialization.add_safe_globals`. We recommend you start setting `weights_only=True` for any use case where you don't have full control of the loaded file. Please open an issue on GitHub for any issues related to this experimental feature.\n",
      "  target = torch.load(raw_y_path).to(hp.DEVICE)\n"
     ]
    }
   ],
   "source": [
    "\n",
    "\n",
    "# Initialize NetworksLoader with the ensemble_manager instance\n",
    "networks_loader = NetworksLoader(ensemble_manager)\n",
    "for i, network_info in enumerate(networks_loader):\n",
    "    model = network_info.get('model').to(hp.DEVICE)\n",
    "    with torch.no_grad():\n",
    "        model_output = model(X).detach() # This will be (5, 1)\n",
    "    \n",
    "            # Set the slice of the new tensor\n",
    "        output_tensor[i, :, :] = model_output\n",
    "\n"
   ]
  },
  {
   "cell_type": "code",
   "execution_count": 7,
   "id": "e0aea692-83c3-48bb-b251-848e822ebd3c",
   "metadata": {},
   "outputs": [
    {
     "name": "stderr",
     "output_type": "stream",
     "text": [
      "/tmp/ipykernel_2992240/717829075.py:3: FutureWarning: You are using `torch.load` with `weights_only=False` (the current default value), which uses the default pickle module implicitly. It is possible to construct malicious pickle data which will execute arbitrary code during unpickling (See https://github.com/pytorch/pytorch/blob/main/SECURITY.md#untrusted-models for more details). In a future release, the default value for `weights_only` will be flipped to `True`. This limits the functions that could be executed during unpickling. Arbitrary objects will no longer be allowed to be loaded via this mode unless they are explicitly allowlisted by the user via `torch.serialization.add_safe_globals`. We recommend you start setting `weights_only=True` for any use case where you don't have full control of the loaded file. Please open an issue on GitHub for any issues related to this experimental feature.\n",
      "  teacher = torch.load(teacher_path)\n"
     ]
    }
   ],
   "source": [
    "ensemble_full_path = os.path.join(Menagerie_dir, ensemble_dir_name)\n",
    "teacher_path = os.path.join(ensemble_full_path, 'teacher_network.pth')\n",
    "teacher = torch.load(teacher_path)"
   ]
  },
  {
   "cell_type": "code",
   "execution_count": 250,
   "id": "4bc762c0-9cc3-45c0-9114-f7fd287bf30c",
   "metadata": {},
   "outputs": [
    {
     "data": {
      "text/plain": [
       "torch.Size([32, 15])"
      ]
     },
     "execution_count": 250,
     "metadata": {},
     "output_type": "execute_result"
    }
   ],
   "source": [
    "model.fc1.weight.shape"
   ]
  },
  {
   "cell_type": "markdown",
   "id": "50304cf8-ef14-488f-8244-05999345b8cb",
   "metadata": {},
   "source": [
    "Now that I have the teacher, I want to diagonalize the kernel in the basis of orthogonal eigenfunctions. "
   ]
  },
  {
   "cell_type": "code",
   "execution_count": 8,
   "id": "7673e3dc-f13d-44f1-9ed7-c0a58cffd5f9",
   "metadata": {},
   "outputs": [],
   "source": [
    "params = {}\n",
    "for name, param in teacher.named_parameters():\n",
    "    params[name] = param"
   ]
  },
  {
   "cell_type": "code",
   "execution_count": 9,
   "id": "477d7fa6-ecc0-4f6f-832c-0f24f1752e0b",
   "metadata": {},
   "outputs": [],
   "source": [
    "target = params['fc1.weight'].detach()\n"
   ]
  },
  {
   "cell_type": "code",
   "execution_count": 10,
   "id": "0b36d599-84d8-4efc-9dfe-d3e607ff136c",
   "metadata": {},
   "outputs": [
    {
     "data": {
      "text/plain": [
       "torch.Size([1, 15])"
      ]
     },
     "execution_count": 10,
     "metadata": {},
     "output_type": "execute_result"
    }
   ],
   "source": [
    "target.shape"
   ]
  },
  {
   "cell_type": "code",
   "execution_count": 11,
   "id": "d1b23720-5711-4d35-a251-4bc39b75206c",
   "metadata": {},
   "outputs": [],
   "source": [
    "\n",
    "def find_orthogonal_vectors_pytorch(v: torch.Tensor) -> torch.Tensor:\n",
    "    \"\"\"\n",
    "    Computes d-1 orthonormal vectors orthogonal to a given d-dimensional vector v.\n",
    "\n",
    "    Args:\n",
    "        v (torch.Tensor): A 1D PyTorch tensor representing the d-dimensional vector.\n",
    "\n",
    "    Returns:\n",
    "        torch.Tensor: A PyTorch tensor where each row is an orthonormal vector\n",
    "                      orthogonal to v.\n",
    "    \"\"\"\n",
    "    if v.ndim != 1: raise ValueError(\"Input vector must be 1-dimensional.\")\n",
    "    d = v.shape[0]\n",
    "    A = v.unsqueeze(0) # Reshape v to (1, d) matrix\n",
    "    _, _, Vh = torch.linalg.svd(A) # Perform SVD\n",
    "    return Vh[:, :] # Return the last d-1 rows of Vh (null space basis)\n"
   ]
  },
  {
   "cell_type": "code",
   "execution_count": 12,
   "id": "f2424e46-dc57-4d12-8e39-ce0ba90afb87",
   "metadata": {},
   "outputs": [
    {
     "data": {
      "text/plain": [
       "torch.Size([1, 15])"
      ]
     },
     "execution_count": 12,
     "metadata": {},
     "output_type": "execute_result"
    }
   ],
   "source": [
    "target.squeeze().unsqueeze(0).shape"
   ]
  },
  {
   "cell_type": "code",
   "execution_count": 13,
   "id": "ef3b3d04-7e15-4ee1-9a50-62d785b442ba",
   "metadata": {},
   "outputs": [
    {
     "data": {
      "text/plain": [
       "tensor([[ 0.6358,  0.5875, -0.5906,  1.6123,  0.7664, -1.6740, -0.1810, -0.3411,\n",
       "         -0.5869,  1.8676, -0.2222, -0.5791, -0.0048,  1.6108,  0.6057]],\n",
       "       device='cuda:0')"
      ]
     },
     "execution_count": 13,
     "metadata": {},
     "output_type": "execute_result"
    }
   ],
   "source": [
    "target"
   ]
  },
  {
   "cell_type": "code",
   "execution_count": 14,
   "id": "2f29ad7e-e8c2-4d77-b170-73a118396a92",
   "metadata": {
    "scrolled": true
   },
   "outputs": [
    {
     "name": "stdout",
     "output_type": "stream",
     "text": [
      "Original vector v: tensor([ 0.6358,  0.5875, -0.5906,  1.6123,  0.7664, -1.6740, -0.1810, -0.3411,\n",
      "        -0.5869,  1.8676, -0.2222, -0.5791, -0.0048,  1.6108,  0.6057],\n",
      "       device='cuda:0')\n",
      "Original vector v shape: torch.Size([15])\n",
      "\n",
      "Manually normalized vector (v / ||v||): tensor([ 0.1675,  0.1547, -0.1556,  0.4247,  0.2018, -0.4409, -0.0477, -0.0898,\n",
      "        -0.1546,  0.4919, -0.0585, -0.1525, -0.0013,  0.4243,  0.1595],\n",
      "       device='cuda:0')\n",
      "Matrix A for SVD (v.unsqueeze(0)): tensor([[ 0.6358,  0.5875, -0.5906,  1.6123,  0.7664, -1.6740, -0.1810, -0.3411,\n",
      "         -0.5869,  1.8676, -0.2222, -0.5791, -0.0048,  1.6108,  0.6057]],\n",
      "       device='cuda:0')\n",
      "\n",
      "Vh matrix from SVD:\n",
      "tensor([[-1.6746e-01, -1.5473e-01,  1.5555e-01, -4.2465e-01, -2.0185e-01,\n",
      "          4.4090e-01,  4.7680e-02,  8.9838e-02,  1.5457e-01, -4.9190e-01,\n",
      "          5.8533e-02,  1.5253e-01,  1.2609e-03, -4.2427e-01, -1.5954e-01],\n",
      "        [-1.5473e-01,  9.7949e-01,  2.0616e-02, -5.6282e-02, -2.6752e-02,\n",
      "          5.8436e-02,  6.3192e-03,  1.1907e-02,  2.0486e-02, -6.5194e-02,\n",
      "          7.7578e-03,  2.0216e-02,  1.6712e-04, -5.6230e-02, -2.1145e-02],\n",
      "        [ 1.5555e-01,  2.0616e-02,  9.7927e-01,  5.6581e-02,  2.6895e-02,\n",
      "         -5.8746e-02, -6.3529e-03, -1.1970e-02, -2.0595e-02,  6.5541e-02,\n",
      "         -7.7990e-03, -2.0323e-02, -1.6801e-04,  5.6530e-02,  2.1258e-02],\n",
      "        [-4.2465e-01, -5.6282e-02,  5.6581e-02,  8.4554e-01, -7.3421e-02,\n",
      "          1.6037e-01,  1.7343e-02,  3.2678e-02,  5.6222e-02, -1.7892e-01,\n",
      "          2.1291e-02,  5.5481e-02,  4.5865e-04, -1.5432e-01, -5.8032e-02],\n",
      "        [-2.0185e-01, -2.6752e-02,  2.6895e-02, -7.3421e-02,  9.6510e-01,\n",
      "          7.6230e-02,  8.2436e-03,  1.5533e-02,  2.6724e-02, -8.5047e-02,\n",
      "          1.0120e-02,  2.6372e-02,  2.1801e-04, -7.3354e-02, -2.7584e-02],\n",
      "        [ 4.4090e-01,  5.8436e-02, -5.8746e-02,  1.6037e-01,  7.6230e-02,\n",
      "          8.3349e-01, -1.8007e-02, -3.3928e-02, -5.8374e-02,  1.8577e-01,\n",
      "         -2.2106e-02, -5.7604e-02, -4.7620e-04,  1.6023e-01,  6.0253e-02],\n",
      "        [ 4.7680e-02,  6.3192e-03, -6.3529e-03,  1.7343e-02,  8.2436e-03,\n",
      "         -1.8007e-02,  9.9805e-01, -3.6690e-03, -6.3126e-03,  2.0089e-02,\n",
      "         -2.3905e-03, -6.2293e-03, -5.1497e-05,  1.7327e-02,  6.5157e-03],\n",
      "        [ 8.9838e-02,  1.1907e-02, -1.1970e-02,  3.2678e-02,  1.5533e-02,\n",
      "         -3.3928e-02, -3.6690e-03,  9.9309e-01, -1.1894e-02,  3.7852e-02,\n",
      "         -4.5042e-03, -1.1737e-02, -9.7030e-05,  3.2648e-02,  1.2277e-02],\n",
      "        [ 1.5457e-01,  2.0486e-02, -2.0595e-02,  5.6222e-02,  2.6724e-02,\n",
      "         -5.8374e-02, -6.3126e-03, -1.1894e-02,  9.7954e-01,  6.5125e-02,\n",
      "         -7.7496e-03, -2.0194e-02, -1.6694e-04,  5.6171e-02,  2.1123e-02],\n",
      "        [-4.9190e-01, -6.5194e-02,  6.5541e-02, -1.7892e-01, -8.5047e-02,\n",
      "          1.8577e-01,  2.0089e-02,  3.7852e-02,  6.5125e-02,  7.9274e-01,\n",
      "          2.4662e-02,  6.4267e-02,  5.3128e-04, -1.7876e-01, -6.7221e-02],\n",
      "        [ 5.8533e-02,  7.7578e-03, -7.7990e-03,  2.1291e-02,  1.0120e-02,\n",
      "         -2.2106e-02, -2.3905e-03, -4.5042e-03, -7.7496e-03,  2.4662e-02,\n",
      "          9.9707e-01, -7.6474e-03, -6.3219e-05,  2.1272e-02,  7.9990e-03],\n",
      "        [ 1.5253e-01,  2.0216e-02, -2.0323e-02,  5.5481e-02,  2.6372e-02,\n",
      "         -5.7604e-02, -6.2293e-03, -1.1737e-02, -2.0194e-02,  6.4267e-02,\n",
      "         -7.6474e-03,  9.8007e-01, -1.6474e-04,  5.5430e-02,  2.0844e-02],\n",
      "        [ 1.2609e-03,  1.6712e-04, -1.6801e-04,  4.5865e-04,  2.1801e-04,\n",
      "         -4.7620e-04, -5.1497e-05, -9.7030e-05, -1.6694e-04,  5.3128e-04,\n",
      "         -6.3219e-05, -1.6474e-04,  1.0000e+00,  4.5823e-04,  1.7231e-04],\n",
      "        [-4.2427e-01, -5.6230e-02,  5.6530e-02, -1.5432e-01, -7.3354e-02,\n",
      "          1.6023e-01,  1.7327e-02,  3.2648e-02,  5.6171e-02, -1.7876e-01,\n",
      "          2.1272e-02,  5.5430e-02,  4.5823e-04,  8.4582e-01, -5.7979e-02],\n",
      "        [-1.5954e-01, -2.1145e-02,  2.1258e-02, -5.8032e-02, -2.7584e-02,\n",
      "          6.0253e-02,  6.5157e-03,  1.2277e-02,  2.1123e-02, -6.7221e-02,\n",
      "          7.9990e-03,  2.0844e-02,  1.7231e-04, -5.7979e-02,  9.7820e-01]],\n",
      "       device='cuda:0')\n",
      "\n",
      "First row of Vh: tensor([-0.1675, -0.1547,  0.1556, -0.4247, -0.2018,  0.4409,  0.0477,  0.0898,\n",
      "         0.1546, -0.4919,  0.0585,  0.1525,  0.0013, -0.4243, -0.1595],\n",
      "       device='cuda:0')\n",
      "\n",
      "Verification: The manually normalized vector IS EQUAL to the first row of Vh (with a sign flip).\n",
      "This is normal due to SVD's ambiguity in sign convention.\n",
      "--------------------------------------------------\n"
     ]
    }
   ],
   "source": [
    "import torch\n",
    "\n",
    "def verify_normalized_target_in_svd(v: torch.Tensor):\n",
    "    \"\"\"\n",
    "    Computes the normalized target vector and verifies it matches\n",
    "    the first row of the Vh matrix from SVD.\n",
    "\n",
    "    Args:\n",
    "        v (torch.Tensor): A 1D PyTorch tensor representing the d-dimensional vector.\n",
    "    \"\"\"\n",
    "    if v.ndim != 1:\n",
    "        raise ValueError(\"Input vector must be 1-dimensional.\")\n",
    "\n",
    "    print(f\"Original vector v: {v}\")\n",
    "    print(f\"Original vector v shape: {v.shape}\")\n",
    "\n",
    "    # 1. Manually compute the normalized target vector\n",
    "    norm_v = torch.linalg.norm(v)\n",
    "    normalized_v = v / norm_v\n",
    "    print(f\"\\nManually normalized vector (v / ||v||): {normalized_v}\")\n",
    "\n",
    "    # 2. Perform SVD on the reshaped vector\n",
    "    A = v.unsqueeze(0) # Reshape v to (1, d) matrix\n",
    "    print(f\"Matrix A for SVD (v.unsqueeze(0)): {A}\")\n",
    "\n",
    "    _, _, Vh = torch.linalg.svd(A)\n",
    "    print(f\"\\nVh matrix from SVD:\\n{Vh}\")\n",
    "\n",
    "    # 3. Extract the first row from Vh\n",
    "    first_row_Vh = Vh[0, :]\n",
    "    print(f\"\\nFirst row of Vh: {first_row_Vh}\")\n",
    "\n",
    "    # 4. Compare the manually normalized vector with the first row of Vh\n",
    "    # Use torch.isclose for robust comparison due to floating-point precision\n",
    "    are_they_equal = torch.isclose(normalized_v, first_row_Vh, atol=1e-6)\n",
    "    \n",
    "    # Handle the potential sign flip in SVD\n",
    "    # SVD's sign convention for singular vectors is not unique.\n",
    "    # The vector could be normalized_v or -normalized_v.\n",
    "    are_they_equal_flipped_sign = torch.isclose(normalized_v, -first_row_Vh, atol=1e-6)\n",
    "\n",
    "    if are_they_equal.all():\n",
    "        print(\"\\nVerification: The manually normalized vector IS EQUAL to the first row of Vh.\")\n",
    "    elif are_they_equal_flipped_sign.all():\n",
    "        print(\"\\nVerification: The manually normalized vector IS EQUAL to the first row of Vh (with a sign flip).\")\n",
    "        print(\"This is normal due to SVD's ambiguity in sign convention.\")\n",
    "    else:\n",
    "        print(\"\\nVerification: Mismatch detected! (This should not happen if the logic is correct)\")\n",
    "\n",
    "# Example Usage:\n",
    "v1 = target.squeeze()\n",
    "verify_normalized_target_in_svd(v1)\n",
    "\n",
    "print(\"-\" * 50)"
   ]
  },
  {
   "cell_type": "code",
   "execution_count": 216,
   "id": "06618c0d-3eb3-443b-aacd-24d02e77d9b6",
   "metadata": {},
   "outputs": [],
   "source": [
    "from FCN3 import HypersphereData\n",
    "W = find_orthogonal_vectors_pytorch(target.squeeze()).to(hp.DEVICE)\n",
    "P = 200"
   ]
  },
  {
   "cell_type": "code",
   "execution_count": 217,
   "id": "a3348720-a307-4f76-ba95-94db334f0396",
   "metadata": {},
   "outputs": [],
   "source": [
    "y  = X[:P] @ W\n",
    "y = y / torch.linalg.norm(y, dim=0).unsqueeze(0)"
   ]
  },
  {
   "cell_type": "code",
   "execution_count": 218,
   "id": "00791a15-38a1-4b67-a653-08511d24995c",
   "metadata": {},
   "outputs": [
    {
     "name": "stdout",
     "output_type": "stream",
     "text": [
      "torch.Size([1000])\n",
      "Column: torch.Size([1000, 1]), Row: torch.Size([1, 1000])\n",
      "Mean outer product: torch.Size([1000, 1000])\n"
     ]
    }
   ],
   "source": [
    "means_over_networks = output_tensor.mean(dim=0, keepdim=True).squeeze()\n",
    "print(means_over_networks.shape)\n",
    "column_vectors = means_over_networks.unsqueeze(-1) # Adds a dimension at the end: (3, 1, 10, 1)\n",
    "row_vectors = means_over_networks.unsqueeze(-2)    # Adds a dimension before the last: (3, 1, 1, 10)\n",
    "print(f'Column: {column_vectors.shape}, Row: {row_vectors.shape}')\n",
    "mean_outer_product = (column_vectors @ row_vectors).squeeze()\n",
    "print(f'Mean outer product: {mean_outer_product.shape}')\n",
    "\n",
    "vectors_squeezed = output_tensor.squeeze(-1) # Shape: (3, 20, 10)\n",
    "column_vectors = vectors_squeezed.unsqueeze(-1) # Shape: (3, 20, 10, 1)\n",
    "row_vectors = vectors_squeezed.unsqueeze(-2)    # Shape: (3, 20, 1, 10)\n",
    "outer_product_matrices = column_vectors @ row_vectors\n",
    "averaged_outer_products = outer_product_matrices.mean(dim=0)\n",
    "\n",
    "cov = (averaged_outer_products - mean_outer_product)"
   ]
  },
  {
   "cell_type": "code",
   "execution_count": 219,
   "id": "bdbceaa1-1b96-4cb7-b993-fa77bc885a39",
   "metadata": {
    "scrolled": true
   },
   "outputs": [],
   "source": [
    "cov = torch.cov(output_tensor[:20,:P].squeeze().T)"
   ]
  },
  {
   "cell_type": "code",
   "execution_count": 220,
   "id": "3eb04f1b-3948-4e0b-8e95-ce3b7d576b96",
   "metadata": {},
   "outputs": [],
   "source": [
    "0\n",
    "# Get the variances (diagonal elements of the covariance matrix)\n",
    "variances = torch.diag(cov)\n",
    "\n",
    "# Get the standard deviations (square root of the variances)\n",
    "std_devs = torch.sqrt(variances)\n",
    "\n",
    "# Add a small epsilon to standard deviations to prevent division by zero,\n",
    "# especially if a variable has zero variance (e.g., all data points are identical)\n",
    "epsilon = 1e-8\n",
    "std_devs_safe = std_devs + epsilon\n",
    "\n",
    "# Create a diagonal matrix with 1 / (standard deviation) on its diagonal.\n",
    "# This matrix will be used to scale the covariance matrix.\n",
    "inv_std_devs_diag_matrix = torch.diag(1.0 / std_devs_safe)\n",
    "\n",
    "# Compute the correlation matrix using matrix multiplication:\n",
    "# R = D_inv @ C @ D_inv\n",
    "# where D_inv is the diagonal matrix of inverse standard deviations, and C is the covariance matrix.\n",
    "correlation_matrix = inv_std_devs_diag_matrix @ cov @ inv_std_devs_diag_matrix"
   ]
  },
  {
   "cell_type": "code",
   "execution_count": 221,
   "id": "abda536a-c659-4705-b7a3-ff5109efb7c4",
   "metadata": {},
   "outputs": [],
   "source": [
    "eigvals_matrix = (y.T @ cov @ y )\n"
   ]
  },
  {
   "cell_type": "code",
   "execution_count": 222,
   "id": "93f2e5b8-da32-45f0-8a9a-8386909ec236",
   "metadata": {},
   "outputs": [],
   "source": [
    "c = (y.T @ y)"
   ]
  },
  {
   "cell_type": "code",
   "execution_count": 223,
   "id": "39b9b0a1-756a-47ac-9baa-9732f2beb6c0",
   "metadata": {},
   "outputs": [
    {
     "data": {
      "text/plain": [
       "torch.Size([15, 15])"
      ]
     },
     "execution_count": 223,
     "metadata": {},
     "output_type": "execute_result"
    }
   ],
   "source": [
    "c.shape"
   ]
  },
  {
   "cell_type": "code",
   "execution_count": 247,
   "id": "55297abe-eda3-46f0-846c-7f62d169ec21",
   "metadata": {},
   "outputs": [
    {
     "data": {
