P=100
N=256
d=4
k=0.000625
chi=1.0
lr=9.999999999999999e-10
epochs=50000
